8
1, 2, 3, 4
2, 0, 4, 5
3, 0, 1, 5
4, 0, 2, 7, 6
1, 0, 3, 6
1, 7, 2
3, 7, 4
3, 5, 6
8
1, 2, 3, 4
2, 0, 4, 5
3, 0, 1, 7
4, 0, 2, 7, 6
1, 0, 3, 6
1, 6, 7
3, 7, 5, 4
2, 5, 6, 3
8
1, 2, 3, 4
2, 0, 4, 5
3, 0, 1, 5, 7
4, 0, 2, 7, 6
1, 0, 3, 6
1, 7, 2
3, 7, 4
2, 5, 6, 3
8
1, 2, 3, 4
2, 0, 4, 5
3, 0, 1, 5
4, 0, 2, 7, 6
1, 0, 3, 6
1, 6, 7, 2
3, 7, 5, 4
3, 5, 6
8
1, 2, 3, 4
2, 0, 4, 5
3, 0, 1, 6, 7
4, 0, 2, 7, 6
1, 0, 3, 5
1, 4, 6
2, 5, 3, 7
2, 6, 3
8
1, 2, 3, 4
2, 0, 4, 5
3, 0, 1, 5
4, 0, 2, 6
1, 0, 3, 7
1, 7, 6, 2
3, 5, 7
4, 6, 5
8
1, 2, 3, 4
2, 0, 4, 5
3, 0, 1, 5, 6
4, 0, 2, 6, 7
1, 0, 3, 7
1, 7, 2
2, 7, 3
3, 6, 5, 4
8
1, 2, 3, 4
2, 0, 4, 5
3, 0, 1, 5, 6
4, 0, 2, 6
1, 0, 3, 7
1, 7, 2
2, 7, 3
4, 6, 5
8
1, 2, 3, 4
2, 0, 4, 5
3, 0, 1, 5, 6
4, 0, 2, 6, 7
1, 0, 3, 7
1, 7, 6, 2
2, 5, 7, 3
3, 6, 5, 4
